0 99
0 56
1 2
1 26
2 3
2 12
2 66
3 4
3 83
4 5
5 6
5 73
6 7
7 8
8 9
9 10
10 11
11 12
11 25
13 14
13 84
14 15
15 16
16 17
17 18
17 35
18 32
19 20
20 54
21 85
22 67
23 24
24 25
25 27
26 65
28 29
29 30
30 31
30 33
31 32
32 56
34 35
34 76
36 37
37 38
38 39
39 40
39 90
40 41
41 42
42 43
43 44
44 45
45 60
46 47
46 88
47 48
48 49
49 50
50 83
51 52
52 53
53 54
54 55
55 56
56 57
57 58
58 59
59 60
60 61
61 62
62 63
63 64
64 65
64 78
67 68
68 69
69 70
70 71
71 72
72 73
72 79
74 75
75 76
77 78
80 81
81 82
82 83
85 86
86 87
87 88
89 90
91 92
92 93
93 94
94 95
95 96
96 97
97 98
98 99
