0 3
0 7
0 10
0 14
0 15
0 17
0 18
0 21
0 24
0 26
0 30
0 33
0 42
0 56
0 61
0 63
0 65
0 72
0 82
0 83
0 86
0 90
0 91
0 99
1 2
1 3
1 6
1 17
1 20
1 21
1 33
1 37
1 40
1 49
1 50
1 61
1 62
1 65
1 66
1 74
1 77
1 94
1 98
2 5
2 8
2 14
2 15
2 16
2 23
2 24
2 34
2 47
2 64
2 66
2 71
2 73
2 75
2 76
2 79
2 81
2 82
2 84
2 87
2 88
2 95
3 10
3 17
3 20
3 23
3 24
3 25
3 26
3 29
3 32
3 35
3 41
3 48
3 50
3 71
3 84
3 90
3 94
3 95
3 96
4 7
4 16
4 21
4 33
4 35
4 36
4 37
4 39
4 45
4 47
4 77
4 81
4 92
4 93
4 96
5 8
5 15
5 17
5 23
5 29
5 31
5 33
5 34
5 45
5 46
5 48
5 49
5 51
5 54
5 64
5 70
5 72
5 81
5 86
5 88
5 89
5 92
5 96
6 15
6 24
6 37
6 46
6 47
6 51
6 65
6 74
6 85
6 87
6 88
6 95
7 9
7 14
7 15
7 18
7 20
7 24
7 29
7 32
7 41
7 46
7 51
7 52
7 53
7 54
7 56
7 70
7 82
7 83
7 86
7 91
7 95
7 98
8 11
8 13
8 14
8 15
8 20
8 29
8 30
8 37
8 43
8 48
8 51
8 58
8 73
8 74
8 78
8 84
9 13
9 19
9 27
9 34
9 35
9 40
9 47
9 50
9 51
9 54
9 60
9 64
9 69
9 78
9 81
9 82
9 96
10 22
10 23
10 25
10 29
10 32
10 33
10 37
10 40
10 42
10 43
10 50
10 51
10 62
10 66
10 70
10 73
10 75
10 79
10 82
10 84
10 86
10 92
10 96
11 12
11 22
11 26
11 33
11 37
11 39
11 40
11 42
11 45
11 46
11 51
11 53
11 58
11 61
11 63
11 68
11 69
11 73
11 76
11 80
12 14
12 15
12 17
12 18
12 20
12 22
12 33
12 43
12 48
12 62
12 63
12 69
12 73
12 74
12 82
12 83
12 85
12 86
12 87
12 88
12 92
12 96
13 17
13 20
13 27
13 35
13 36
13 42
13 49
13 55
13 56
13 86
13 88
14 21
14 27
14 28
14 33
14 42
14 51
14 56
14 57
14 58
14 65
14 66
14 73
14 86
14 94
14 99
15 20
15 24
15 25
15 26
15 32
15 33
15 34
15 39
15 48
15 52
15 55
15 70
15 78
15 82
15 84
15 89
15 99
16 24
16 36
16 38
16 40
16 41
16 46
16 53
16 55
16 56
16 57
16 60
16 61
16 67
16 73
16 79
16 80
16 81
16 82
16 88
16 90
17 21
17 37
17 38
17 43
17 50
17 61
17 62
17 66
17 79
17 80
17 94
17 99
18 24
18 28
18 41
18 57
18 59
18 61
18 62
18 69
18 70
18 88
18 91
18 97
19 21
19 22
19 32
19 37
19 42
19 46
19 47
19 53
19 55
19 60
19 73
19 79
19 85
19 86
19 91
20 21
20 22
20 25
20 29
20 34
20 35
20 36
20 38
20 48
20 50
20 51
20 52
20 59
20 62
20 63
20 66
20 68
20 69
20 71
20 72
20 80
20 83
20 85
20 87
20 96
21 24
21 39
21 42
21 56
21 59
21 60
21 63
21 99
22 23
22 24
22 40
22 46
22 49
22 51
22 52
22 69
22 77
22 81
22 86
22 89
23 27
23 33
23 35
23 41
23 55
23 67
23 69
23 72
23 75
23 86
23 87
23 88
23 93
23 94
24 27
24 29
24 38
24 52
24 58
24 80
24 88
24 92
24 93
24 98
25 26
25 29
25 30
25 35
25 37
25 42
25 48
25 55
25 58
25 62
25 67
25 70
25 72
25 74
25 97
25 98
26 29
26 33
26 45
26 48
26 52
26 60
26 64
26 68
26 69
26 77
26 93
27 31
27 33
27 43
27 51
27 87
27 94
28 31
28 35
28 36
28 39
28 40
28 41
28 42
28 45
28 57
28 58
28 59
28 64
28 68
28 69
28 75
28 83
28 86
28 88
28 90
29 37
29 39
29 47
29 48
29 50
29 52
29 53
29 58
29 62
29 65
29 66
29 69
29 73
29 84
29 93
30 32
30 41
30 43
30 54
30 69
30 74
30 85
30 87
30 94
30 95
31 32
31 36
31 37
31 49
31 50
31 52
31 59
31 64
31 66
31 70
31 72
31 73
31 76
31 80
31 86
32 40
32 44
32 64
32 65
32 67
32 70
32 78
32 86
32 88
33 35
33 36
33 37
33 47
33 49
33 53
33 58
33 66
33 80
33 81
33 87
33 91
33 97
34 38
34 41
34 43
34 44
34 48
34 50
34 55
34 57
34 65
34 68
34 73
34 75
34 78
34 81
34 87
34 97
35 47
35 49
35 53
35 54
35 59
35 61
35 69
35 70
35 82
35 88
35 90
35 91
36 37
36 48
36 52
36 55
36 61
36 64
36 66
36 68
36 71
36 76
36 77
36 88
36 93
36 94
36 95
37 48
37 50
37 53
37 59
37 61
37 62
37 65
37 71
37 74
37 75
37 86
37 88
37 91
38 39
38 48
38 49
38 64
38 69
38 74
38 76
38 81
38 86
38 88
38 94
38 95
39 42
39 55
39 57
39 63
39 71
39 80
39 85
39 86
39 93
40 44
40 50
40 74
40 85
40 86
40 87
40 93
40 99
41 42
41 45
41 49
41 58
41 61
41 65
41 76
41 93
41 97
42 44
42 49
42 56
42 57
42 73
42 81
42 96
43 45
43 50
43 51
43 62
43 66
43 68
43 69
43 71
43 77
43 86
43 87
43 88
44 45
44 48
44 51
44 72
44 74
44 76
44 81
44 82
44 89
44 91
45 49
45 51
45 60
45 61
45 72
45 79
45 80
45 86
45 95
45 97
46 54
46 55
46 63
46 70
46 73
46 74
46 88
46 93
46 97
46 99
47 62
47 66
47 69
47 77
47 78
47 91
47 93
47 96
48 49
48 50
48 53
48 62
48 63
48 70
48 72
48 76
48 78
48 80
48 81
48 91
48 94
48 98
49 77
49 78
49 82
49 90
50 51
50 64
50 67
50 69
50 72
50 79
50 83
50 88
50 92
51 54
51 57
51 61
51 62
51 64
51 69
51 71
51 82
51 85
51 93
51 97
51 99
52 62
52 64
52 92
52 97
53 62
53 70
53 81
53 83
53 85
53 91
53 92
54 57
54 58
54 65
54 67
54 73
54 78
54 80
54 82
54 91
54 99
55 61
55 63
55 64
55 66
55 73
55 76
55 88
55 90
55 92
55 93
55 96
55 97
56 58
56 59
56 60
56 64
56 65
56 66
56 68
56 81
56 85
56 88
56 92
57 69
57 79
57 92
57 99
58 61
58 62
58 63
58 71
58 74
58 75
58 88
59 61
59 68
59 80
59 86
59 87
59 89
59 96
59 99
60 64
60 67
60 70
60 77
60 87
60 94
60 97
60 99
61 62
61 66
61 74
61 77
61 79
61 81
61 85
61 89
61 98
62 63
62 71
62 72
62 76
62 77
62 78
62 79
62 96
62 99
63 65
63 82
63 86
63 87
63 93
64 66
64 69
64 74
64 75
64 76
64 93
65 73
65 76
65 77
65 79
65 80
65 83
65 97
66 67
66 72
66 74
66 85
66 91
66 93
66 96
66 98
67 68
67 69
67 71
67 77
67 81
67 88
67 95
67 96
68 71
68 72
68 82
68 83
68 96
69 84
69 88
69 91
69 93
69 94
69 96
70 79
70 82
70 83
70 85
70 89
70 90
70 91
70 92
70 99
71 72
71 90
72 79
72 80
72 81
72 82
72 85
72 93
72 94
72 99
73 79
73 80
73 82
73 87
73 91
73 99
74 80
74 82
74 88
74 89
74 91
75 78
75 80
75 83
75 94
75 97
76 80
76 81
76 82
76 87
76 88
76 90
76 91
76 97
77 78
77 79
77 89
77 91
77 92
77 97
78 81
78 92
79 80
79 81
79 87
79 89
79 93
79 95
80 96
81 82
81 97
82 87
82 91
82 98
82 99
83 90
83 97
84 88
84 91
84 92
84 94
84 96
84 99
85 86
85 91
85 95
86 92
86 95
86 97
87 89
87 91
88 90
88 95
88 96
89 96
89 98
90 92
90 95
90 96
92 97
93 94
93 96
96 97
