0 4
0 5
0 7
0 8
0 9
0 12
0 18
0 42
0 65
0 76
0 95
0 98
1 4
1 5
1 28
1 97
2 4
2 5
2 6
2 7
2 8
2 10
2 13
2 16
2 24
2 25
2 28
2 30
2 32
2 34
2 36
2 38
2 41
2 42
2 43
2 44
2 46
2 65
2 82
2 90
2 93
3 4
3 6
3 7
3 8
3 15
3 22
3 23
3 42
3 43
3 56
3 74
3 75
3 84
3 88
3 92
3 95
4 5
4 6
4 9
4 10
4 11
4 12
4 16
4 18
4 19
4 25
4 26
4 27
4 28
4 31
4 32
4 33
4 34
4 36
4 37
4 49
4 50
4 53
4 54
4 58
4 62
4 64
4 70
4 73
4 78
4 79
4 81
4 89
4 91
4 93
5 6
5 7
5 9
5 10
5 12
5 14
5 17
5 18
5 19
5 25
5 26
5 60
5 62
5 63
5 68
5 88
5 92
6 11
6 14
6 27
6 28
6 30
6 45
6 46
6 47
6 57
6 58
6 63
6 72
6 80
6 84
6 95
7 8
7 9
7 10
7 14
7 15
7 18
7 22
7 23
7 24
7 27
7 30
7 31
7 33
7 35
7 39
7 41
7 46
7 47
7 48
7 53
7 56
7 60
7 70
7 71
7 74
7 78
7 83
7 87
7 91
8 11
8 20
8 39
8 44
8 51
8 77
8 81
8 96
9 11
9 13
9 15
9 27
9 35
9 38
9 41
9 51
9 55
9 56
9 61
9 65
9 67
9 85
10 13
10 16
10 17
10 19
10 21
10 22
10 23
10 35
10 36
10 38
10 39
10 41
10 44
10 47
10 48
10 49
10 52
10 58
10 61
10 64
10 65
10 68
10 69
10 71
10 73
10 88
10 90
10 92
10 94
10 98
11 12
11 13
11 14
11 16
11 20
11 24
11 26
11 29
11 37
11 46
11 52
11 70
11 85
11 93
12 15
12 20
12 24
12 26
12 30
12 32
12 33
12 36
12 40
12 45
12 53
12 54
12 55
12 57
12 59
12 62
12 71
12 79
12 80
13 32
13 37
13 49
13 51
13 56
13 63
13 67
13 68
13 72
13 76
13 80
13 85
13 88
13 94
13 97
14 17
14 19
14 22
14 60
14 64
14 87
15 17
15 45
16 21
16 29
16 57
16 77
16 82
16 86
18 38
19 20
19 21
19 29
19 66
20 21
20 25
20 37
20 48
20 49
20 59
20 67
20 69
20 97
20 99
21 23
21 50
21 53
21 57
22 31
22 34
22 40
22 42
22 44
22 84
23 47
24 40
25 29
25 35
25 83
26 58
26 66
26 99
27 31
27 33
27 40
27 68
27 74
27 89
27 93
28 59
28 66
28 69
28 92
29 54
29 89
30 43
30 71
30 90
30 91
31 86
32 43
32 50
32 67
32 76
32 77
32 79
32 84
32 99
33 34
33 39
33 52
33 70
35 64
35 73
35 77
36 50
36 72
36 78
36 99
37 54
38 59
39 66
39 80
39 83
39 87
39 94
39 96
40 45
40 62
41 52
41 55
41 87
45 48
45 82
46 78
47 61
48 75
49 51
49 55
49 63
49 72
49 75
50 85
50 89
51 69
51 73
52 60
52 74
52 91
53 79
53 81
53 82
53 86
53 94
53 96
56 61
58 98
63 96
64 83
67 75
67 95
68 76
68 86
75 90
77 81
77 98
93 97
